ndcg_10: 0.5700194950343213
precision_10: 0.65
precision_25: 0.6112000000000001
map: 0.10865989557759206
rprec: 0.14446947194109028
bpref: 0.13450005902935563
MRR: 0.8006666666666666
