ndcg_10: 0.5612934646299937
precision_10: 0.628
precision_25: 0.5944
precision_50: 0.5488000000000001
map: 0.17607498280885558
rprec: 0.23179246813679918
bpref: 0.20971208135108121
MRR: 0.7888333333333333
