ndcg_10: 0.5740661722910211
precision_10: 0.664
precision_25: 0.6184000000000001
precision_50: 0.5592
map: 0.18740760669254197
rprec: 0.23766172821543974
bpref: 0.21738418994201428
MRR: 0.7770952380952381
