ndcg_10: 0.5658367706599676
precision_10: 0.644
precision_25: 0.6095999999999999
precision_50: 0.5488000000000001
map: 0.17813924728292885
rprec: 0.232775571055386
bpref: 0.21260909792479563
MRR: 0.7761111111111112
