ndcg_10: 0.5688929580024119
precision_10: 0.6579999999999999
precision_25: 0.6304
map: 0.11256106682471141
rprec: 0.1493392878444607
bpref: 0.13695833560555046
MRR: 0.7705362318840581
