ndcg_10: 0.6917877169732723
precision_10: 0.7179999999999999
precision_25: 0.6311999999999999
map: 0.1195764322856027
rprec: 0.15435119260636548
bpref: 0.14364773080724622
MRR: 0.7687669172932331
