ndcg_10: 0.6579538356613114
precision_10: 0.65
precision_25: 0.376
map: 0.08087658043320889
rprec: 0.10310674806406381
bpref: 0.09686601328582502
MRR: 0.7637142857142857
