ndcg_10: 0.5437781490244725
precision_10: 0.654
precision_25: 0.6296
precision_50: 0.5723999999999999
map: 0.20799670725829408
rprec: 0.26234172388346194
bpref: 0.2404210967913885
MRR: 0.8072023809523808
