ndcg_10: 0.5673279617566517
precision_10: 0.6560000000000001
precision_25: 0.6304
precision_50: 0.5619999999999999
map: 0.18516716480641332
rprec: 0.23854606422483424
bpref: 0.21906995158641848
MRR: 0.7532460317460319
