ndcg_10: 0.637735191595634
precision_10: 0.7020000000000001
precision_25: 0.6304
map: 0.1200677011986596
rprec: 0.1529900814952544
bpref: 0.14161409502893496
MRR: 0.837008658008658
