ndcg_10: 0.6320778438384315
precision_10: 0.6859999999999998
precision_25: 0.42160000000000003
map: 0.08454311868770269
rprec: 0.10840091297130205
bpref: 0.10173115145410741
MRR: 0.8453571428571428
