ndcg_10: 0.44391372274440455
precision_10: 0.4660000000000001
precision_25: 0.23919999999999997
precision_50: 0.12119999999999999
map: 0.04732169600309527
rprec: 0.061881995352512965
bpref: 0.05852539336921651
MRR: 0.7056666666666667
