ndcg_10: 0.5501031923986051
precision_10: 0.6639999999999999
precision_25: 0.6288
precision_50: 0.5579999999999999
map: 0.20536877853082142
rprec: 0.25809740235898826
bpref: 0.23756732462586605
MRR: 0.8028300865800866
