ndcg_10: 0.6326372483087984
precision_10: 0.7020000000000001
precision_25: 0.6487999999999999
precision_50: 0.5592
map: 0.19817007724473157
rprec: 0.24127937296100443
bpref: 0.22546993734903722
MRR: 0.8269999999999998
