ndcg_10: 0.6121518145964837
precision_10: 0.6779999999999999
precision_25: 0.6144
map: 0.11308351314717081
rprec: 0.14720151671031947
bpref: 0.13597758589546197
MRR: 0.8390000000000001
