ndcg_10: 0.5749826682441708
precision_10: 0.654
precision_25: 0.6063999999999999
precision_50: 0.5359999999999999
map: 0.18657584506277491
rprec: 0.23400548119131126
bpref: 0.21648473825657638
MRR: 0.8069967532467532
