ndcg_10: 0.5299983301501822
precision_10: 0.532
precision_25: 0.24799999999999997
map: 0.04937078764360179
rprec: 0.06415157871445504
bpref: 0.060935842179611475
MRR: 0.8155555555555555
