ndcg_10: 0.6236858481496675
precision_10: 0.6859999999999999
precision_25: 0.6144
map: 0.11575588449290461
rprec: 0.14720151671031947
bpref: 0.13703967798621106
MRR: 0.8593859649122808
