ndcg_10: 0.6791219096313429
precision_10: 0.73
precision_25: 0.6304
map: 0.12378657828147077
rprec: 0.15410119260636548
bpref: 0.14356011863787357
MRR: 0.8595238095238095
