ndcg_10: 0.6276045533576159
precision_10: 0.68
precision_25: 0.6304
map: 0.11691417955362411
rprec: 0.1493392878444607
bpref: 0.13960059568805394
MRR: 0.844536231884058
